8,0000,0000,0013,0011,0045-E-003-0180-0060-0000,*
8,0000,0000,0011,0009,0045-E-003-0180-0060-0060,*
8,0000,0000,0009,0009,0045-E-003-0180-0060-0120,*
8,0000,0000,0007,0009,0045-E-003-0180-0060-0180,*
8,0000,0000,0006,0007,0045-E-003-0180-0060-0000,*
8,0000,0000,0008,0006,0045-E-003-0180-0060-0060,*
8,0000,0000,0010,0006,0045-E-003-0180-0060-0120,*
8,0000,0000,0012,0006,0045-E-003-0180-0060-0180,*
8,0000,0000,0006,0004,0062-D-001-0001-0032-M00000020,*
8,0000,0000,0009,0004,0062-D-001-0001-0032-M00000020,*
8,0000,0000,0012,0004,0062-D-001-0001-0032-M00000020,*
